longitude = -118.281667
latitude = 37.23978
altitude = 1184.120
antfile = ant_offsets_nad.txt
remap = remap-danny2014.04.30.txt
